0.1       0.95      0.1       0.88      
0.2       0.76      0.2       0.65      
0.3       0.5       0.3       0.42      
0.4       0.4       0.4       0.32      
0.5       0.4       0.5       0.28      
0.6       0.36      0.6       0.19      
0.7       0.24      0.7       0.08      
0.8       0.12      0.8       0.04      
0.9       0.08      0.9       0.05      
1         0.08      1         0.08      
1.1       0.09      1.1       0.08      
1.2       0.07      1.2       0.06      
1.3       0.04      1.3       0.03      
1.4       0.08      1.4       0.06      
1.5       0.16      1.5       0.13      
1.6       0.17      1.6       0.16      
1.7       0.13      1.7       0.12      
1.8       0.12      1.8       0.1       
1.9       0.22      1.9       0.21      
2         0.44      2         0.49      
2.1       0.68      2.1       0.69      
2.2       0.9       2.2       0.8       
2.3       0.85      2.3       0.76      
2.4       0.58      2.4       0.52      
2.5       0.38      2.5       0.36      
2.6       0.27      2.6       0.24      
2.7       0.22      2.7       0.18      
2.8       0.2       2.8       0.12      
2.9       0.14      2.9       0.07      
3         0.7       3         0.04      
3.1       0.04      3.1       0.04      
3.2       0.04      3.2       0.06      
3.3       0.04      3.3       0.06      
3.4       0.04      3.4       0.03      
3.5       0.02      3.5       0.05      
3.6       0.02      3.6       0.02      
3.7       0.02      3.7       0.05      
3.8       0.02      3.8       0.06      
3.9       0.02      3.9       0.04      
4         0.02      4         0.03      
4.1       0.02      4.1       0.06      
4.2       0.04      4.2       0.1       
4.3       0.06      4.3       0.21      
4.4       0.06      4.4       0.24      
4.5       0.04      4.5       0.23      
4.6       0.04      4.6       0.16      
4.7       0.04      4.7       0.1       
4.8       0.04      4.8       0.08      
4.9       0.04      4.9       0.06      
5         0.03      5         0.04      
5.1       0.02      5.1       0.03      
5.2       0         5.2       0.02      
5.3       0         5.3       0.02      
5.4       0         5.4       0.02      
5.5       0.01      5.5       0.02      
5.6       0.01      5.6       0.01      
5.7       0.01      5.7       0         
5.8       0         5.8       0.01      
5.9       0         5.9       0.02      
6         0         6         0.02      
6.1       0         6.1       0.01      
6.2       0         6.2       0         
6.3       0.01      6.3       0         
6.4       0.03      6.4       0.01      
6.5       0.08      6.5       0.02      
6.6       0.1       6.6       0.02      
6.7       0.09      6.7       0.02      
6.8       0.07      6.8       0.02      
6.9       0.04      6.9       0.01      
7         0.02      7         0.01      
7.1       0.02      7.1       0         
7.2       0.04      7.2       0         
7.3       0.04      7.3       0         
7.4       0.02      7.4       0         
7.5       0.01      7.5       0         
7.6       0         7.6       0         
7.7       0         7.7       0         
7.8       0         7.8       0         
7.9       0         7.9       0         
8         0         8         0         
8.1       0         8.1       0         
8.2       0.02      8.2       0         
8.3       0.02      8.3       0         
8.4       0.02      8.4       0         
8.5       0.03      8.5       0         
8.6       0.01      8.6       0.01      
8.7       0.11      8.7       0.02      
8.8       0.17      8.8       0.02      
8.9       0.19      8.9       0.01      
9         0.14      9         0.01      
9.1       0.09      9.1       0.01      
9.2       0.04      9.2       0.01      
9.3       0.02      9.3       0         
9.4       0.02      9.4       0         
9.5       0.03      9.5       0         
9.6       0.02      9.6       0         
9.7       0.01      9.7       0         
9.8       0         9.8       0         
9.9       0         9.9       0         
10        0         10        0         
